# N     T       S

# Subtask 1: S <= 0
#ST:10
0       0       -0
0       0       -1

# Subtask 2: N <= 100, T = 1
#ST:20
1       1       2
3       1       3
4       1       4
6       1       5
9       1       6
13      1       7
17      1       8
26      1       9
39      1       10
55      1       11
72      1       12
94      1       13
100     1       14

# Subtask 3: N <= 10000
#ST:20
200     0       15
400     0       16
700     0       17
1000    0       18
2000    0       19
4000    0       20
7000    0       21
9000    0       22
10000   0       23

# Subtask 4: N <= 1000000
#ST:20
20000   0       24
40000   0       25
70000   0       26
100000  0       27
200000  0       28
400000  0       29
700000  0       30
900000  0       31
1000000 0       32

# Subtask 4: no limits
#ST:30
2000000     0       33
4000000     0       34
7000000     0       35
10000000    0       36
20000000    0       37
40000000    0       38
70000000    0       39
100000000   0       40
200000000   0       41
400000000   0       42
700000000   0       43
900000000   0       44
1000000000  0       45
