# N     T       R       P       S

# Subtask 1: S <= 0
#ST:10
0       0       0       0       -0
0       0       0       0       -1
0       0       0       0       -2
0       0       0       0       -3

# Subtask 2: T == 1
#ST:20
100     1       0       0       4
100     1       2       0       5
100     1       3       10      6
100     1       2       100     7
100     1       3       90      8
1000    1       2       80      9
1000    1       3       70      10
10000   1       2       30      11
10000   1       3       20      12
10000   1       2       80      13
10000   1       3       70      14

# Subtask 3: R = 1,3
#ST:20
50      0       1       50      15
100     0       3       10      16
100     0       3       90      17
1000    0       1       0       18
1000    0       1       100     19
5000    0       1       80      20
5000    0       3       70      21
10000   0       1       30      22
10000   0       3       20      23
10000   0       1       80      24
10000   0       3       70      25

# Subtask 4: N <= 30
#ST:30
5       0       0       0       26
8       0       1       60      27
12      0       2       30      28
16      0       3       50      29
20      0       0       0       30
24      0       1       70      31
28      0       2       40      32
30      0       3       20      33
30      0       2       80      34

# Subtask 5: no limits
#ST:20
1000    0       3       10      35
1000    0       3       90      36
3000    0       2       80      37
3000    0       3       70      38
8000    0       2       30      39
8000    0       3       20      40
9000    0       2       80      41
9000    0       3       70      42
10000   0       2       0       43
10000   0       2       100     44
