# N K    S

# Subtask 1: S <= 0
#ST:10
0 0      -0
0 0      -1

# Subtask 2: N <= 100
#ST:20
10 5     2
20 6     3
30 30    4
40 1     5
50 2     6
60 60    7
70 35    8
80 40    9
90 40    10
100 84   11

# Subtask 3: N <= 10000, K <= 50 
#ST:40
2000 50    12
3000 50   13
4000 25   14
5000 12   15
6000 50   16
7000 49   17
8000 37   18
9000 28   19
10000 50  20

# Subtask 4: no limits (N <= 100000)
#ST:30
2000 1000   21
5000 2500 22
10000 400 23
20000 790 24
40000 2000 25
70000 70 26
100000 90000 27
100000  90 28
100000  50000 28
