# N     H       S

# Subtask 1: S <= 0
#ST:10
0       0       -0
0       0       -1

# Subtask 2: N <= 10
#ST:20
1       10      2
2       1000000 3
3       2       4
4       2       5
5       3       6
6       4       7
7       1       8
8       10      9
9       1000000 10
10      5       11

# Subtask 3: N,H <= 1000
#ST:40
20      3       12
50      10      13
100     100     14
200     10      15
400     5       16
600     -100    17
800     10      18
900     -1000   19
1000    100     20

# Subtask 4: no limits
#ST:30
2000    100     21
5000    10      22
10000   1000    23
20000   100     24
40000   -100000 25
70000   10      26
90000   -100000 27
100000  10      28
