# N         S

# Subtask 1: S <= 0
#ST:10
0           -0
0           -1
0           -2

# Subtask 2: N <= 10
#ST:20
0           3
1           4
2           5
3           6
4           7
5           8
6           9
7           10
8           11
9           12
10          13

# Subtask 3: N <= 100
#ST:30
13          14
19          15
21          16
48          17
57          18
65          19
88          20
89          21
96          22
100         23

# Subtask 4: no limits
#ST:40
119126625   24
146208659   25
240211295   26
411138280   27
562080862   28
566365316   29
605826972   30
665681898   31
666212651   32
685156179   33
696165886   34
721200655   35
815821160   36
826807555   37
902197469   38
911695322   39
917690185   40
928255016   41
984899140   42
995956262   43
