# N     C       S

# Subtask 1: S <= 0
#ST:10
0       0       -0
0       0       -1

# Subtask 2: N <= 10
#ST:20
1       1000    2
2       100     3
3       10      4
4       1       5
5       5       6
6       3       7
7       6       8
8       2       9
9       7       10
10      6       11

# Subtask 3: N <= 100
#ST:40
20      11      12
30      107     13
40      23      14
50      45      15
60      15      16
70      27      17
80      88      18
90      45      19
100     70      20

# Subtask 4: no limits
#ST:30
200     123     21
500     432     22
1000    1023    23
2000    640     24
4000    324     25
7000    6750    26
9000    100000  27
10000   86      28
