# N     Q       E         QP (0-100)   T        S

# Subtask 1: Esempi
#ST:10
#COPY: testo/annoluce.input0.txt
#COPY: testo/annoluce.input1.txt

# Subtask 2: Y[i] = Z[i] = 0
#ST:20
2       2       10          0         1      2
10      15      100         0         1      3
1000    300     1000        0         1      4
10000   20000   10000       0         1      5
100000  100000  1073741823  0         1      6

# Subtask 3: Z[i] = 0
#ST:20
2       2       10          0         2      7
10      15      100         0         2      8
1000    300     1000        0         2      9
10000   20000   10000       0         2      10
100000  100000  1073741823  0         2      11

# Subtask 4: N, Q, D <= 10
#ST:10
2       2       8           0         0      12
5       4       7           0         0      13
5       6       6           0         0      14
10      10      5           50        0      15

# Subtask 5: N <= 100;  D <= 10000
#ST:10
10      500     100         30        0      16
50      1000    1000        50        0      17
100     100000  5000        30        0      18

# Subtask 6: Q <= 100;  D <= 10000
#ST:10
500     10      100         30        0      19
1000    50      1000        50        0      20
100000  100     5000        20        0      21

# Subtask 7: no limits
#ST:20
1000    1000    1073741823  100       0      22
10000   10000   1073741823  30        0      23
100000  100000  1073741823  100       0      24
10000   100000  1073741823  10        0      25
1000    100     1073741823  20        0      26
