# N  T  tuttiuguali? S

# Subtask 1: S <= 0
#ST:10
0       0 0 -0
0       0 0 -1

# Subtask 2: N <= 10
#ST:10
1       100 0 2
2       10 0 3
3       10 0 4
4       10 0 5
5       10 0 6
6       10 0 7
7       20 0 8
8       20 0 9
9       100 0 10
10      10000 0 11

# Subtask 3: N <= 1000 e tutti i crediti uguali
#ST:20
20      10 1 12
30      50 1 13
40      80 1 14
50      200 1 15
60      900 1 16
70      10000 1 17
80      80 1 18
90      30 1 19
100     40 1 20

# Subtask 4: N <= 1000
#ST:30
200     200 0 21
500     1000 0 22
1000    10000 0 23
1000    100 0 24
400     56 0 25
700     976 0 26
900     468 0 27
1000    23467 0 28

# Subtask 5: no limits
#ST:30
20000     70 0 29
50000     90 0 30
100000    1000 0 31
100000    100000 0 32
40000     32555 0 33
70000     2643 0 34
90000     236 0 35
100000    913526 0 36
