# N  M  D   S

# Subtask 1: S <= 0
#ST:10
0  0  0      -0
0  0  0      -1
0  0  0      -2

# Subtask 2: N <= 10
#ST:20
4   3   2     2
7   9  10     3
8   10  3     4
9   30  8     5
10  4   1     6
6   0   0     7
7   10  4     8
8   8   2     9
10  13  3    10
10  20  4    11

# Subtask 3: N <= 1000
#ST:40
20  80  50   12
30  200  40    13
40  400  50    14
500 100  40    15
600  50  2    16
700  20  1    17
800   0  0    18
900  90  2    19
100 600 20    20

# Subtask 4: no limits
#ST:30
200  200 2        21
500  600 3        22
1000 1000 25      23
2000 2000 10000  24
4000 3000 10000 25
7000 7000 70000 26
9000 9000 3       27
10000 10000 3     28
