# N J    S
# J = max jump

# Subtask 1: S <= 0
#ST:10
0 0      -0
0 0      -1

# Subtask 2: N <= 100
#ST:20
10 10      2
20 10      3
30 5      4
40 5      5
50 40      6
60 10      7
70 7      8
80 80      9
90 65      10
100 100     11

# Subtask 3: N <= 1000
#ST:40
200 20     12
300 13     13
400 400     14
500 436     15
600 32     16
700 800     17
800 23     18
900 256     19
1000 438    20

# Subtask 4: no limits
#ST:30
2000 1    21
5000 23    22
10000 2355   23
20000 20000   24
40000 20000   25
70000 35000   26
90000 300   27
100000 100  28
