# X     Y       N     S

# Subtask 1: S <= 0
#ST:10
0       0       0     -0
0       0       0     -1

# Subtask 2: X,Y,N <= 10
#ST:20
1       3       1     2
3       1       1     3
3       3       4     4
6       6       5     5
9       9       6     6
10      10      7     7
10      10      8     8
10      10      9     9
10      10      10    10

# Subtask 3: X,Y,N <= 100
#ST:40
30      20      5     11
20      30      50    12
50      10      5     13
10      50      70    14
100     10      80    15
20      10      90    16
100     100     100   17

# Subtask 4: no limits
#ST:30
100     1000000 200   18
1000    100000  500   19
10000   10000   1000  20
100000  1000    2000  21
1000000 1000    4000  22
100000  10000   7000  23
10000   100000  9000  24
1000000 1000000 10000 25
