# N     M       K       S

# Subtask 1: S <= 0
#ST:10
0       0       0       -0
0       0       0       -1

# Subtask 2: N <= 10
#ST:20
1       1       2       2
2       1000000 1000000 3
3       40000   100000  4
4       3000    10000   5
5       1000    1000    6
6       15      100     7
7       200     1000    8
8       5000    10000   9
9       10000   100000  10
10      100000  1000000 11

#K = NM/2
#M = 2K/N > K/(N+1)
# Subtask 3: N,K <= 1000
#ST:40
20      50      1000    12
50      40      1000    13
80      30      1000    14
100     15      1000    15
200     10      1000    16
400     5       1000    17
600     4       1000    18
800     3       1000    19
999     2       1000    20

# Subtask 4: no limits
#ST:30
2000    700     1000000 21
5000    40      100000  22
10000   6       30000   23
20000   1000    30000   24
40000   5       100000  25
70000   100     100000  26
90000   10000   1000000 27
100000  20      1000000 28
