# N     MAXP	S

# Subtask 1: S <= 0
#ST:10
0       100000	-0
0       100000	-1

# Subtask 2: N <= 10
#ST:20
2       100000	2
2       100000	3
3       100000	4
4       100000	5
5       100000	6
6       100000	7
7       100000	8
8       100000	9
9       100000	10
10      100000	11

# Subtask 3: N <= 1000
#ST:40
200      100000	12
300      100000	13
400      100000	14
500      100000	15
600      100000	16
700      100000	17
800      100000	18
900      100000	19
1000     100000	20

# Subtask 4: no limits
#ST:30
2000     1000000000	21
5000     1000000000	22
10000    1000000000	23
20000    1000000000	23 # usare 24 crea buchi neri
40000    1000000000	25
70000    1000000000	26
90000    1000000000	27
100000   1000000000	28
