# N         M       S

# Subtask 1: S <= 0
#ST: 10
0           0       -0
0           0       -1

# Subtask 2: N <= 10
#ST:20
2           1       2
3           2       3
4           5       4
5           7       5
6           10      6
7           13      7
8           17      8
9           20      9
10          10      10
10          45      11

# Subtask 3: N <= 100
#ST:40
20          80      12
30          100     13
40          50      14
50          100     15
60          200     16
70          70      17
80          300     18
90          200     19
100         4950    20

# Subtask 4: no limits
#ST:30
200         10000   21
500         1000    22
1000        10000   23
2000        5000    24
4000        10000   25
7000        100000  26
9000        10000   27
10000       100000  28
