# N     M       S

# Subtask 1: S <= 0
#ST:10
0       0       -0
0       0       -1

# Subtask 2: N <= 2
#ST:20
1       1       2
2       1       3
1       4       4
1       6       5
1       10      6
2       2       7
2       3       8
2       4       9
2       5       10
2       6       11
2       7       12
2       8       13
2       9       14
2       10      15

# Subtask 3: NM <= 16
#ST:30
10      1       16
8       2       17
3       1       18
3       2       19
3       3       20
3       4       21
5       3       22
4       4       23

# Subtask 4: NM <= 25
#ST:30
3       6       24
3       7       25
8       3       26
4       4       27
5       4       28
4       6       29
5       5       30

# Subtask 5: no limits
#ST:10
3       9       31
10      3       32
4       7       33
8       4       34
4       9       35
5       6       36
7       5       37
6       6       38
