# N     K       S

# Subtask 1: S <= 0
#ST:10
0       0       -0
0       0       -1
0       0       -2

# Subtask 2: N <= 10
#ST:20
2       1       3
3       1       4
4       2       5
5       2       6
6       4       7
7       3       8
8       5       9
9       4       10
10      6       11

# Subtask 3: N <= 200
#ST:30
20      5       12
30      23      13
50      18      14
70      44      15
100     37      16
130     87      17
160     63      18
180     144     19
200     89      20

# Subtask 4: N <= 10000
#ST:20
500     243     21
1000    121     22
2000    1745    23
5000    534     24
10000   7584    25

# Subtask 5: no limits
#ST:20
20000   1233    26
50000   35642   27
100000  42123   28
200000  64029   29
400000  345729  30
700000  234958  31
900000  658493  32
1000000 500000  33
