# N M K    S

# Subtask 1: S <= 0
#ST:10
0 0 0      -0
0 0 0      -1

# Subtask 2: N, K <= 100
#ST:20
10 12 8 2
20 32 3 3
30 324 25 4
40 39 1 5
50 124 12 6
60 934 12 7
70 1000 7 8
80 325 63 9
90 800 34 10
100 1000 23 11

# Subtask 3: N <= 10000, M <= 100000 K <= 10
#ST:40
2000 -1 8 12
3000 -1 10   13
4000 -1 8     14
5000 -1 5     15
6000 -1 1 16
7000 -1 2 17
8000 -1 10 18
9000 -1 10 19
10000 -1 10 20

# Subtask 4: no limits:  N <= 10000, M <= 100000
#ST:30
2000 -1 24    21
5000 -1 3245    22
10000 -1 435   23
2000 -1 3  24
4000 -1 343 25
7000 -1 12 26
9000 -1 7243  27
10000 -1 5000  28
10000 -1 1000 29
10000 -1 1 30
10000 -1 9998 31
