# N     M       V       E       S

# Subtask 1: S <= 0
#ST:10
0       0       0       0       -0
0       0       0       0       -1

# Subtask 2: N <= 10
#ST:40
10      6       10      0       2
2       1       1       0       3
3       6       10      0       4
4       5       100     0       5
5       10      1000    0       6
6       25      10000   0       7
7       13      100000  0       8
8       33      1000000 0       9
9       21      100000  0       10
10      90      10000   0       11

# Subtask 3: N <= 100
#ST:30
20      100     100000  4       12
30      800     10000   19      13
40      80      1000    27      14
50      500     100     0       15
60      1000    30      23      16
70      300     100     5       17
80      4000    1000    78      18
90      200     10000   25      19
100     9900    100000  30      20

# Subtask 4: no limits
#ST:20
200     5000    1000    150     21
500     8000    10000   0       22
1000    10000   100000  87      23
2000    3000    10000   0       24
4000    50000   1000    38      25
7000    20000   10000   0       26
9000    100000  100000  57      27
10000   100000  1000000 9998    28
