# N     K       H       S

# Subtask 1: Esempi
#ST: 10
#COPY: testo/ricostruzioni.input0.txt
#COPY: testo/ricostruzioni.input1.txt
#COPY: testo/ricostruzioni.input2.txt

# Subtask 2: N <= 100
#ST:30
1       1       1000000 2
2       1       1000000 3
5       3       1000000 4
10      2       1000000 5
20      4       1000000 6
40      3       0       7
70      20      1000000 8
80      5       1000000 9
90      15      1000000 10
100     25      1000000 11

# Subtask 3: K <= 100
#ST:20
200     20      1000000 12
500     60      1000000 13
1000    50      1000000 14
2000    30      1000000 15
5000    70      1000000 16
10000   40      1000000 17
20000   80      1000000 18
40000   10      1000000 19
70000   90      1000000 20
90000   100     1000000 21
100000  100     1000000 22

# Subtask 3: H <= 100
#ST:20
100000  100     100     23
100000  200     100     24
100000  500     100     25
100000  1000    100     26
100000  2000    100     27
100000  5000    100     28
100000  10000   100     29
100000  20000   100     30
100000  40000   100     31
100000  70000   100     32

# Subtask 4: no limits
#ST:20
100000  10      1000000 33
100000  50      1000000 34
100000  250     1000000 35
100000  1000    1000000 36
100000  4000    1000000 37
100000  12000   1000000 38
100000  30000   1000000 39
100000  60000   1000000 40
100000  90000   1000000 41
