# N     K       P       S

# Subtask 1: S <= 0
#ST:10
0       0       0       -0
0       0       0       -1

# Subtask 2: N <= 10
#ST:20
1       5000    1000000 2
2       4000    100000  3
3       3000    10000   4
4       2000    1000    5
5       1000    300     6
6       2000    1000    7
7       3000    10000   8
8       4000    100000  9
9       5000    1000000 10
10      5000    10000   11

# Subtask 3: N,K <= 100
#ST:30
20      10      1000000 12
30      90      100000  13
40      40      10000   14
50      30      1000    15
60      80      100     16
70      50      1000    17
80      70      10000   18
90      60      1000    19
100     100     200     20

# Subtask 4: K,P <= 1000
#ST:20
500     100     1000    21
1000    700     300     22
2000    1000    10      23
3000    500     30      24
4000    4       100     25
5000    1000    100     26
5000    50      1000    27
5000    1000    6       28

# Subtask 5: no limits
#ST:20
5000    5000    30      29
5000    5000    100     30
5000    5000    300     31
5000    5000    1000    32
5000    5000    3000    33
5000    5000    10000   34
5000    5000    30000   35
5000    5000    100000  36
5000    5000    250000  37
5000    5000    600000  38
5000    5000    1000000 39
