# N         P       S

# Subtask 1: S <= 0
#ST: 10
0           0       -0
0           0       -1

# Subtask 2: N <= 10
#ST:20
1           0       2
2           0       3
3           0       4
4           0       5
5           0       6
6           0       7
7           0       8
8           0       9
9           0       10
10          0       11

# Subtask 3: P > 0
#ST:30
30          50      12
40          1       13
70          99      14
100         10      15
150         30      16
250         5       17
400         10      18
700         3       19
1000        1       20

# Subtask 4: no limits
#ST:40
200         0       21
500         0       22
1000        0       23
2000        0       24
4000        0       25
7000        0       26
9000        0       27
10000       0       28
