# N         H       S

# Subtask 1: S <= 0
#ST: 10
0           0       -0
0           0       -1

# Subtask 2: N <= 10
#ST:20
1           1       2
2           1       3
3           2       4
4           1       5
5           4       6
6           1       7
7           4       8
8           1       9
9           9       10
10          1       11

# Subtask 3: N <= 100
#ST:30
20          1       12
30          20      13
40          1       14
50          30      15
60          1       16
70          40      17
80          1       18
90          60      19
100         1       20

# Subtask 4: N == H
#ST:10
300         300     21
800         800     22
2000        2000    23
4000        4000    24
10000       10000   25
30000       30000   26
70000       70000   27
100000      100000  28

# Subtask 5: no limits
#ST:30
100000      1       29
100000      1000    30
100000      5000    31
100000      10000   32
100000      20000   33
100000      40000   34
100000      60000   35
100000      70000   36
